BufferSize: 1
SpawnRatePerSec: 1
ParticleLifetime: 15
ColorInterpolationType: Linear
ColorBegin: [1, 0.709999979, 1, 1]
ColorEnd: [0.200000003, 0.300000012, 1, 0]
SizeInterpolationType: Linear
SizeBegin: [0.200000003, 0.200000003, 1]
SizeEnd: [0, 0, 1]