SelectColor: [0.701357484, 0, 0, 1]
HoveredColor: [0.800000012, 0.800000012, 0.800000012, 0.5]
EditingColor: [0.150000006, 0.150000006, 0.150000006, 1]
FunctionPointerOnMove: 0
FunctionPointerOnHover: 0
Font: 0
Windows:
  - Tag: Window1
    ID: 1019889646
    ScreenPosition: [0, 0, 0]
    Size: [1, 1]
    BackgroundColor: [0.300000012, 0.300000012, 0.300000012, 0.300000012]
    DefaultActiveWidget: 2147483647
    Widgets:
      []